-65.537
-120
-120
-120
-120
-120
-120
-120
-120
-120
-120
-120
-120
-120
-120
-120
-120
-120
-120
-120
-120
-120
-120
-120
-120
-120
-120
-120
-120
-120
-120
-120
-120
-120
-120
-120
-120
-98.0094
-41.3183
-35.0264
-31.2527
-34.6224
-33.5325
-32.3825
-50.5867
-120
-53.9572
-33.6517
-32.1285
-30.3192
-25.4287
-22.5866
-22.1006
-24.6417
-26.7461
-29.5669
-32.9151
-41.514
-61.6407
-78.8395
-120
-83.0294
-96.551
-81.468
-61.4716
-55.5175
-50.6105
-37.6383
-30.0863
-29.81
-29.1391
-29.5353
-33.6403
-41.718
-41.7518
-46.4937
-65.5088
-120
-120
-120
-120
-47.6878
-41.7222
-44.9918
-45.5821
-46.4887
-46.145
-41.2446
-41.9105
-40.0331
-53.0625
-105.829
-106.111
-60.5349
-38.1471
-31.5081
-28.5088
-30.0066
-37.1783
-39.2331
-38.6067
-38.4641
-38.4282
-38.7589
-39.6275
-40.1676
-40.7384
-38.9489
-33.5502
-30.3632
-28.9732
-28.595
-28.7013
-29.8801
-37.1859
-64.2203
-85.291
-72.3279
-66.464
-41.8529
-42.3015
-41.0094
-42.6764
-48.5323
-72.7656
-48.5012
-38.4305
-45.8114
-51.3741
-53.5416
-62.9862
-39.5965
-34.6975
-31.2469
-32.46
-37.3314
-39.531
-39.0189
-39.4024
-41.9323
-57.0011
-58.5732
-42.6997
-34.5424
-40.6835
-47.6463
-57.1185
-65.6976
-120
-120
-120
-120
-62.012
-43.6845
-42.0279
-38.6305
-35.9524
-35.433
-31.4486
-30.093
-30.9696
-32.178
-33.3576
-34.0725
-33.9468
-34.6269
-36.178
-37.2328
-38.3283
-40.3463
-43.1487
-47.1338
-44.1417
-44.2623
-44.5559
-45.0309
-46.0569
-47.4594
-52.9516
-60.2338
-70.6389
-73.6034
-54.2045
-54.8853
-57.1807
-56.4563
-57.3515
-67.4806
-79.0392
-120
-120
-120
-120
-120
-120
-120
-120
-120
