0.993799
0
0
0
0
0
0
0
0
0
0
0
0
0
0
0
0
0
0
0
0
0
0
0
0
0
0
0
0
0
0
0
0
0
0
0
0
0
0.850991
0.921897
0.913449
0.903216
0.918424
0.946779
0.93114
0
0.443942
-0.0476075
-0.239742
0.952123
0.959978
0.966803
0.961775
0.949695
0.952132
0.937801
0.911829
0.935942
0.960308
0.714926
0
0.0501549
0.0395127
0.902831
0.9579
0.962552
0.965828
0.9786
0.978528
0.968701
0.965632
0.96182
0.962433
0.985776
0.986014
0.983656
0.97514
0
0
0
0
0.490535
0.154721
-0.337455
-0.461013
-0.409429
-0.613228
-0.749395
-0.652032
-0.632927
-0.351884
0
0
0.832952
0.970332
0.96993
0.963944
0.965355
0.967561
0.995237
0.995397
0.995579
0.995308
0.995167
0.99514
0.994962
0.99501
0.986775
0.981417
0.980716
0.979231
0.980804
0.983822
0.983808
0.974383
0.774432
-0.0987965
-0.0053674
0.767919
0.971832
0.990619
0.994551
0.994314
0.989046
0.925616
0.680661
0.527179
0.543116
0.617593
0.722808
0.651703
0.976993
0.951859
0.92208
0.935009
0.951681
0.994265
0.994745
0.994567
0.994659
0.979878
0.442205
0.059379
-0.0587229
0.0313407
0.371859
-0.211378
0.505453
0
0
0
0
0.711616
0.822481
0.871406
0.921372
0.941771
0.925873
0.934941
0.937037
0.941462
0.947129
0.94921
0.955806
0.958687
0.96478
0.970769
0.977159
0.983191
0.985157
0.988849
0.993225
0.994397
0.994947
0.994504
0.99487
0.994549
0.993983
0.991183
0.744033
0.723313
-0.617738
-0.652178
-0.628705
-0.531108
-0.566327
-0.546286
-0.324524
-0.423677
0
0
0
0
0
0
0
0
0
