0.593452
0
0
0
0
0
0
0
0
0
0
0
0
0
0
0
0
0
0
0
0
0
0
0
0
0
0
0
0
0
0
0
0
0
0
0
0
0
0.442253
0.431864
0.33337
0.76311
0.841194
0.756775
0.458092
0
0.20335
0.184263
0.215075
0.868669
0.910879
0.912868
0.9122
0.910481
0.912662
0.906562
0.819059
0.662916
0.302802
0
0
0
0
0
0.486721
0.618111
0.832767
0.878424
0.877599
0.901541
0.899432
0.881054
0.855671
0.839309
0.862426
0.767515
0.385587
0
0
0
0
0.245148
0.136082
0.126469
0.15249
0.160756
0.144999
0.192972
0.166496
0.25732
0.154993
0
0
0.0233778
0.528581
0.791143
0.867896
0.869472
0.765805
0.880299
0.892564
0.893146
0.892409
0.895653
0.899583
0.899015
0.897581
0.810898
0.889573
0.900759
0.90316
0.903576
0.901611
0.894804
0.788598
0.366386
0.177642
0.144263
0.242104
0.686719
0.802863
0.896177
0.897256
0.828563
0.250234
0.247389
0.261657
0.319736
0.152968
0.24627
0.149312
0.597292
0.839288
0.807957
0.868469
0.79861
0.883798
0.895198
0.894158
0.862269
0.650297
0.320694
0.182618
0.13889
0.197269
0.33291
0.044255
0.206073
0
0
0
0
0.238543
0.26198
0.505683
0.596602
0.816898
0.846192
0.860815
0.860322
0.867643
0.870278
0.876519
0.860119
0.856638
0.858082
0.861677
0.864693
0.864955
0.86161
0.845129
0.763167
0.859677
0.865047
0.868241
0.866556
0.868327
0.850183
0.866613
0.305075
0.105455
0.183885
0.166123
0.171453
0.181983
0.193216
0.104543
0.185188
0.0221235
0
0
0
0
0
0
0
0
0
