-0.000464 
-0.000863 
-0.000453 
-0.000743 
0.000000 
0.000000 
0.000000 
0.001628 
0.001354 
0.000787 
0.001101 
0.000035 
0.000891 
0.000723 
0.000524 
0.002644 
0.002687 
0.002519 
0.001289 
0.000000 
0.000000 
0.000000 
0.000278 
0.001098 
0.000000 
0.000000 
0.000000 
-0.000216 
0.000000 
-0.000321 
-0.000504 
-0.001063 
-0.001846 
-0.001021 
-0.001789 
-0.002786 
-0.003782 
-0.006234 
-0.006462 
-0.007573 
-0.007181 
-0.005187 
-0.004377 
-0.002218 
-0.003988 
-0.006414 
-0.008655 
-0.009912 
-0.008279 
-0.007005 
-0.003415 
0.000000 
0.001655 
0.002527 
0.000000 
0.000000 
0.000000 
0.003686 
0.008401 
0.012942 
0.014357 
0.013612 
0.010305 
0.007257 
0.008018 
0.007711 
0.007709 
0.008800 
0.010150 
0.010520 
0.005484 
0.000000 
0.000000 
-0.003239 
-0.004459 
-0.002666 
0.000000 
0.000000 
-0.000186 
-0.004748 
-0.004963 
-0.005213 
-0.000169 
0.000000 
0.000000 
0.000000 
-0.000864 
0.000000 
0.005260 
0.004686 
0.001669 
0.000000 
0.000000 
0.004523 
0.010256 
0.011034 
0.006474 
0.000000 
0.000000 
0.000977 
0.003879 
0.006039 
0.000000 
0.000000 
0.000000 
0.000000 
0.000462 
0.000000 
-0.002502 
-0.004430 
-0.006567 
-0.001404 
-0.000740 
-0.007418 
-0.013718 
-0.023662 
-0.026050 
-0.022228 
-0.019655 
-0.016490 
-0.016393 
-0.016645 
-0.016639 
-0.017493 
-0.023571 
-0.027885 
-0.027510 
-0.029936 
-0.020280 
-0.004556 
0.000194 
0.008593 
0.000000 
-0.001150 
0.000865 
0.010969 
0.023455 
0.028437 
0.028856 
0.037724 
0.035444 
0.032068 
0.035895 
0.029250 
0.023313 
0.018753 
0.022215 
0.042418 
0.038363 
0.014806 
0.000000 
-0.007631 
0.000000 
0.002694 
0.000000 
-0.000917 
-0.010105 
-0.010786 
-0.005935 
-0.005077 
0.000000 
-0.001543 
-0.012551 
-0.015777 
-0.010548 
0.000000 
0.007741 
0.000000 
0.000000 
-0.005263 
0.000000 
0.005791 
0.012587 
0.013234 
0.008496 
0.005197 
0.005639 
0.009065 
0.010134 
0.005591 
0.003235 
0.000000 
0.006043 
0.013199 
0.011019 
0.000000 
-0.001978 
-0.008071 
-0.003034 
0.000000 
-0.006113 
-0.014705 
-0.027848 
-0.032579 
-0.042024 
-0.053039 
-0.057505 
-0.054454 
-0.039920 
-0.032751 
-0.033189 
-0.043677 
-0.059552 
-0.074682 
-0.076033 
-0.064692 
-0.027406 
0.000000 
0.000000 
0.000000 
-0.011122 
-0.001202 
0.004731 
0.021825 
0.042834 
0.045867 
0.062769 
0.078412 
0.072157 
0.062180 
0.049755 
0.043567 
0.054324 
0.067866 
0.082566 
0.096162 
0.070138 
0.028936 
0.006131 
0.000000 
0.017114 
0.021528 
0.009722 
0.001887 
0.000000 
-0.002915 
-0.005978 
-0.019410 
-0.008619 
-0.002703 
-0.018593 
-0.026727 
-0.034012 
-0.012886 
0.000000 
-0.009595 
-0.023942 
-0.033534 
-0.020195 
0.000000 
0.000000 
0.000000 
0.000000 
-0.000327 
0.000000 
0.000000 
0.003353 
0.017960 
0.005003 
0.003814 
0.008866 
0.014525 
0.024328 
0.007148 
0.000000 
0.000000 
0.000000 
0.000000 
0.000000 
-0.005612 
-0.022038 
-0.048406 
-0.062695 
-0.055527 
-0.044944 
-0.030936 
-0.043763 
-0.066711 
-0.081444 
-0.089804 
-0.084304 
-0.085535 
-0.075833 
-0.044834 
-0.025397 
-0.010057 
-0.022549 
-0.026090 
-0.004268 
0.000000 
0.006586 
0.028613 
0.040114 
0.061498 
0.062553 
0.065802 
0.080582 
0.069518 
0.064215 
0.063272 
0.069986 
0.107731 
0.110588 
0.097849 
0.069402 
0.030626 
0.037537 
0.041729 
0.056851 
0.051679 
0.024416 
0.014731 
0.002289 
0.000000 
0.000000 
-0.009898 
-0.016527 
-0.021479 
-0.019160 
-0.000826 
-0.012359 
-0.033006 
-0.049147 
-0.062691 
-0.040824 
-0.024053 
-0.016347 
-0.015426 
-0.028228 
-0.028246 
-0.019977 
-0.018220 
-0.005951 
-0.005377 
-0.001756 
0.000000 
0.000000 
0.008194 
0.005181 
0.000000 
0.000000 
0.000000 
0.006216 
0.013355 
0.008161 
0.000000 
-0.001684 
-0.018732 
-0.021789 
-0.024887 
-0.020048 
-0.014635 
-0.017639 
-0.022808 
-0.039004 
-0.056910 
-0.066192 
-0.065799 
-0.051236 
-0.027258 
-0.010424 
-0.007124 
-0.016539 
-0.022564 
-0.016402 
-0.006347 
0.000000 
0.000000 
0.011579 
0.030474 
0.036266 
0.034099 
0.022809 
0.019803 
0.028130 
0.041550 
0.050246 
0.051060 
0.049756 
0.052060 
0.053824 
0.046917 
0.035541 
0.029302 
0.031831 
0.037311 
0.035582 
0.030019 
0.024978 
0.019141 
0.013063 
0.000915 
0.000000 
0.000000 
0.000000 
0.000000 
0.000000 
-0.001077 
-0.009701 
-0.023265 
-0.030833 
-0.031593 
-0.022605 
-0.013991 
-0.015740 
-0.019310 
-0.022001 
-0.021871 
-0.018323 
-0.018923 
-0.016624 
-0.009788 
-0.002819 
0.000000 
0.000000 
0.000000 
0.000000 
0.000000 
0.000000 
0.000000 
0.000000 
0.000000 
0.000000 
-0.000857 
-0.010005 
-0.002783 
-0.005658 
-0.007625 
0.000000 
0.000000 
-0.006418 
-0.011338 
-0.008540 
-0.005576 
-0.006075 
-0.006898 
0.000000 
0.000000 
0.000169 
0.000000 
0.000000 
0.000000 
0.000000 
0.000000 
0.000883 
0.000824 
0.002373 
0.006140 
0.007349 
0.005077 
0.000000 
0.000000 
0.001864 
0.009054 
0.008592 
0.003573 
0.002659 
0.004988 
0.006862 
0.006646 
0.003998 
0.001915 
0.002900 
0.004139 
0.004909 
0.004351 
0.002993 
0.001677 
0.000000 
0.000000 
0.000000 
0.000000 
0.000000 
0.000000 
0.000000 
0.000000 
0.000000 
0.000000 
0.000000 
-0.000210 
0.000000 
0.000000 
0.000000 
0.000000 
0.000000 
0.000000 
0.000000 
0.000000 
0.000000 
0.000000 
0.000000 
0.000000 
0.000000 
0.000000 
0.000000 
0.000000 
-0.000258 
-0.000573 
0.000000 
0.000000 
0.000000 
0.000000 
-0.000644 
0.000000 
0.000000 
0.000000 
0.000000 
0.000000 
-0.000492 
0.000000 
0.000000 
0.000000 
0.000000 
0.000000 
0.000000 
0.000000 
0.000000 
0.000000 
0.000000 
0.000000 
-0.000030 
0.000000 
0.000000 
0.000000 
0.000000 
0.000000 
0.000000 
0.000000 
0.000000 
0.000000 
0.000000 
0.000000 
0.000000 
0.000000 
0.000000 
0.000000 
0.000000 
0.000000 
0.000000 
0.000000 
0.000000 
0.000000 
0.000000 
0.000000 
0.000000 
0.000000 
0.000000 
0.000000 
0.000000 
0.000000 
0.000000 
0.000000 
0.000000 
0.000000 
0.000000 
0.000000 
0.000000 
0.000000 
0.000000 
0.000000 
0.000000 
0.000000 
0.000000 
0.000000 
0.000000 
0.000000 
0.000000 
0.000000 
0.000000 
0.000000 
0.000000 
0.000000 
0.000000 
0.000000 
0.000000 
0.000000 
0.000000 
0.000000 
0.000000 
0.000000 
0.000000 
0.000000 
0.000000 
0.000000 
0.000000 
0.000000 
0.000000 
0.000000 
0.000000 
0.000000 
0.000000 
0.000000 
0.000000 
0.000000 
0.000000 
0.000000 
0.000000 
0.000000 
0.000000 
0.000000 
