0.001729 
0.001658 
0.001483 
0.001238 
0.000952 
0.000661 
0.000391 
0.000153 
-0.000053 
-0.000207 
-0.000326 
-0.000414 
-0.000472 
-0.000510 
-0.000537 
-0.000560 
-0.000584 
-0.000618 
-0.000638 
-0.000630 
-0.000582 
-0.000482 
-0.000337 
-0.000160 
0.000030 
0.000217 
0.000375 
0.000495 
0.000570 
0.000599 
0.000586 
0.000540 
0.000470 
0.000381 
0.000289 
0.000200 
0.000119 
0.000049 
-0.000013 
-0.000073 
-0.000136 
-0.000202 
-0.000274 
-0.000352 
-0.000424 
-0.000485 
-0.000525 
-0.000539 
-0.000518 
-0.000469 
-0.000395 
-0.000304 
-0.000207 
-0.000120 
-0.000053 
-0.000007 
0.000017 
0.000027 
0.000031 
0.000034 
0.000041 
0.000050 
0.000060 
0.000067 
0.000067 
0.000059 
0.000035 
-0.000004 
-0.000061 
-0.000136 
-0.000226 
-0.000319 
-0.000404 
-0.000468 
-0.000503 
-0.000508 
-0.000484 
-0.000439 
-0.000381 
-0.000319 
-0.000257 
-0.000200 
-0.000152 
-0.000105 
-0.000054 
0.000006 
0.000078 
0.000162 
0.000255 
0.000349 
0.000437 
0.000505 
0.000542 
0.000542 
0.000500 
0.000421 
0.000308 
0.000170 
0.000015 
-0.000138 
-0.000275 
-0.000385 
-0.000456 
-0.000496 
-0.000508 
-0.000501 
-0.000486 
-0.000474 
-0.000465 
-0.000456 
-0.000438 
-0.000396 
-0.000321 
-0.000211 
-0.000065 
0.000115 
0.000322 
0.000546 
0.000775 
0.000983 
0.001151 
0.001260 
0.001296 
0.001251 
0.001133 
0.000961 
0.000757 
0.000549 
0.000353 
0.000183 
0.000038 
-0.000082 
-0.000181 
-0.000262 
-0.000326 
-0.000380 
-0.000422 
-0.000456 
-0.000481 
-0.000495 
-0.000494 
-0.000470 
-0.000420 
-0.000339 
-0.000232 
-0.000106 
0.000025 
0.000147 
0.000251 
0.000327 
0.000373 
0.000390 
0.000384 
0.000360 
0.000324 
0.000280 
0.000230 
0.000180 
0.000129 
0.000078 
0.000028 
-0.000023 
-0.000076 
-0.000132 
-0.000187 
-0.000243 
-0.000291 
-0.000327 
-0.000348 
-0.000348 
-0.000327 
-0.000288 
-0.000238 
-0.000183 
-0.000130 
-0.000083 
-0.000044 
-0.000016 
0.000001 
0.000012 
0.000021 
0.000028 
0.000037 
0.000048 
0.000054 
0.000056 
0.000054 
0.000043 
0.000023 
-0.000007 
-0.000048 
-0.000097 
-0.000148 
-0.000199 
-0.000243 
-0.000275 
-0.000292 
-0.000295 
-0.000281 
-0.000258 
-0.000230 
-0.000198 
-0.000166 
-0.000134 
-0.000102 
-0.000067 
-0.000032 
0.000007 
0.000052 
0.000099 
0.000149 
0.000198 
0.000242 
0.000273 
0.000288 
0.000282 
0.000256 
0.000213 
0.000154 
0.000087 
0.000014 
-0.000057 
-0.000121 
-0.000176 
-0.000217 
-0.000246 
-0.000263 
-0.000272 
-0.000273 
-0.000271 
-0.000266 
-0.000256 
-0.000239 
-0.000210 
-0.000165 
-0.000102 
-0.000024 
0.000068 
0.000169 
0.000272 
0.000370 
0.000456 
0.000520 
0.000560 
0.000575 
0.000560 
0.000520 
0.000459 
0.000379 
0.000291 
0.000205 
0.000125 
0.000053 
-0.000008 
-0.000060 
-0.000106 
-0.000144 
-0.000175 
-0.000201 
-0.000220 
-0.000231 
-0.000232 
-0.000224 
-0.000205 
-0.000178 
-0.000143 
-0.000100 
-0.000051 
-0.000000 
0.000048 
0.000089 
0.000121 
0.000142 
0.000154 
0.000155 
0.000149 
0.000138 
0.000124 
0.000107 
0.000090 
0.000071 
0.000050 
0.000028 
0.000005 
-0.000018 
-0.000042 
-0.000065 
-0.000088 
-0.000107 
-0.000120 
-0.000128 
-0.000128 
-0.000121 
-0.000108 
-0.000092 
-0.000074 
-0.000055 
-0.000038 
-0.000022 
-0.000010 
30481159274491161984636890906624.000000 
0.000000 
30481234227891978091645722689536.000000 
0.000000 
30512978202063419024515157458944.000000 
0.000000 
30512978202063419024515157458944.000000 
0.000000 
30513036230502760526715543355392.000000 
0.000000 
30513055573315874360782338654208.000000 
0.000000 
30513055573315874360782338654208.000000 
0.000000 
30513210315820785033316701044736.000000 
0.000000 
0.000000 
0.000000 
0.000000 
0.000000 
nan 
0.000000 
30481060142573953585044565000192.000000 
0.000000 
30481159274491161984636890906624.000000 
0.000000 
30481234227891978091645722689536.000000 
0.000000 
30513210315820785033316701044736.000000 
0.000000 
30513210315820785033316701044736.000000 
0.000000 
30513268344260126535517086941184.000000 
0.000000 
30513287687073240369583882240000.000000 
0.000000 
30513287687073240369583882240000.000000 
0.000000 
30513442429578151042118244630528.000000 
0.000000 
0.000000 
0.000000 
0.000000 
0.000000 
nan 
0.000000 
30481060142573953585044565000192.000000 
0.000000 
30481161692342801213895240318976.000000 
0.000000 
30481234227891978091645722689536.000000 
0.000000 
30513442429578151042118244630528.000000 
0.000000 
30513442429578151042118244630528.000000 
0.000000 
30513500458017492544318630526976.000000 
0.000000 
30513519800830606378385425825792.000000 
0.000000 
30513519800830606378385425825792.000000 
0.000000 
30513674543335517050919788216320.000000 
0.000000 
0.000000 
0.000000 
0.000000 
0.000000 
nan 
0.000000 
30481060142573953585044565000192.000000 
0.000000 
30481164110194440443153589731328.000000 
0.000000 
30481234227891978091645722689536.000000 
0.000000 
30513674543335517050919788216320.000000 
0.000000 
30513674543335517050919788216320.000000 
0.000000 
30513732571774858553120174112768.000000 
0.000000 
30513751914587972387186969411584.000000 
0.000000 
0.000000 
0.000042 
0.000166 
0.000000 
0.000000 
0.000001 
0.000000 
0.000000 
nan 
0.000000 
30481060142573953585044565000192.000000 
0.000000 
30481166528046079672411939143680.000000 
0.000000 
30481234227891978091645722689536.000000 
0.000000 
30513906657092883059721331802112.000000 
0.000000 
30513906657092883059721331802112.000000 
0.000000 
30513964685532224561921717698560.000000 
0.000000 
30513984028345338395988512997376.000000 
0.000000 
30513984028345338395988512997376.000000 
0.000000 
30514138770850249068522875387904.000000 
0.000000 
0.000000 
0.000000 
0.000000 
0.000000 
nan 
0.000000 
30481060142573953585044565000192.000000 
0.000000 
30481168945897718901670288556032.000000 
0.000000 
30481234227891978091645722689536.000000 
0.000000 
30514138770850249068522875387904.000000 
0.000000 
30514138770850249068522875387904.000000 
0.000000 
30514196799289590570723261284352.000000 
0.000000 
30514216142102704404790056583168.000000 
0.000000 
30514216142102704404790056583168.000000 
0.000000 
30514370884607615077324418973696.000000 
0.000000 
0.000000 
0.000000 
0.000000 
0.000000 
nan 
0.000000 
30481060142573953585044565000192.000000 
0.000000 
30481171363749358130928637968384.000000 
0.000000 
30481234227891978091645722689536.000000 
0.000000 
30514370884607615077324418973696.000000 
0.000000 
30514370884607615077324418973696.000000 
0.000000 
30514428913046956579524804870144.000000 
0.000000 
30514448255860070413591600168960.000000 
0.000000 
30514448255860070413591600168960.000000 
0.000000 
30514602998364981086125962559488.000000 
0.000000 
0.000000 
0.000000 
0.000000 
0.000000 
nan 
0.000000 
30481060142573953585044565000192.000000 
0.000000 
30481173781600997360186987380736.000000 
0.000000 
30481234227891978091645722689536.000000 
0.000000 
30514602998364981086125962559488.000000 
0.000000 
30514602998364981086125962559488.000000 
0.000000 
30514661026804322588326348455936.000000 
0.000000 
30514680369617436422393143754752.000000 
0.000000 
30514680369617436422393143754752.000000 
0.000000 
30514835112122347094927506145280.000000 
0.000000 
0.000000 
0.000000 
0.000000 
0.000000 
nan 
0.000000 
30481060142573953585044565000192.000000 
0.000000 
30481176199452636589445336793088.000000 
0.000000 
30481234227891978091645722689536.000000 
0.000000 
30514835112122347094927506145280.000000 
0.000000 
30514835112122347094927506145280.000000 
0.000000 
30514893140561688597127892041728.000000 
0.000000 
30514912483374802431194687340544.000000 
0.000000 
30514912483374802431194687340544.000000 
0.000000 
30515067225879713103729049731072.000000 
0.000000 
0.000000 
0.000000 
0.000000 
0.000000 
nan 
0.000000 
30481060142573953585044565000192.000000 
0.000000 
30481178617304275818703686205440.000000 
0.000000 
30481234227891978091645722689536.000000 
0.000000 
30515067225879713103729049731072.000000 
0.000000 
30515067225879713103729049731072.000000 
0.000000 
30515125254319054605929435627520.000000 
0.000000 
30515144597132168439996230926336.000000 
0.000000 
30515144597132168439996230926336.000000 
0.000000 
30515299339637079112530593316864.000000 
0.000000 
0.000000 
0.000000 
0.000000 
0.000000 
nan 
0.000000 
30481060142573953585044565000192.000000 
0.000000 
30481181035155915047962035617792.000000 
0.000000 
30481234227891978091645722689536.000000 
0.000000 
30515299339637079112530593316864.000000 
0.000000 
30515299339637079112530593316864.000000 
0.000000 
30515357368076420614730979213312.000000 
0.000000 
30515376710889534448797774512128.000000 
0.000000 
30515376710889534448797774512128.000000 
0.000000 
30515531453394445121332136902656.000000 
0.000000 
0.000000 
0.000000 
0.000000 
0.000000 
nan 
0.000000 
30481060142573953585044565000192.000000 
0.000000 
30481183453007554277220385030144.000000 
0.000000 
30481234227891978091645722689536.000000 
0.000000 
30515531453394445121332136902656.000000 
0.000000 
30515531453394445121332136902656.000000 
0.000000 
30515589481833786623532522799104.000000 
0.000000 
30515608824646900457599318097920.000000 
0.000000 
30515608824646900457599318097920.000000 
0.000000 
30515763567151811130133680488448.000000 
0.000000 
0.000000 
0.000000 
0.000000 
0.000000 
nan 
0.000000 
30481060142573953585044565000192.000000 
0.000000 
30481185870859193506478734442496.000000 
0.000000 
30481234227891978091645722689536.000000 
0.000000 
30515763567151811130133680488448.000000 
0.000000 
30515763567151811130133680488448.000000 
0.000000 
30515821595591152632334066384896.000000 
0.000000 
30515840938404266466400861683712.000000 
0.000000 
